100 100 100
27 62
-12 -44
-82 24
-69 -32
-68 -121
-45 -60
-22 63
-174 12
-79 47
-72 58
-51 1
-65 37
-139 116
-173 224
-126 134
-202 148
-206 216
-205 266
-261 236
-217 341
-249 490
-221 365
-153 428
-184 420
-344 468
-374 487
-178 500
-151 457
-146 372
-198 526
-227 359
-205 365
-298 411
-280 376
-323 457
-285 508
-395 504
-429 479
-374 415
-390 442
-290 475
-283 452
-323 521
-239 652
-243 649
-205 614
-191 566
-112 656
-107 582
-88 577
-148 542
-213 481
-312 480
-297 503
-298 436
-424 456
-370 461
-343 346
-443 304
-412 251
-371 362
-445 381
-489 359
-488 367
-326 358
-379 483
-448 417
-446 339
-352 313
-379 256
-316 335
-440 459
-364 427
-345 371
-324 365
-342 479
-320 564
-305 491
-388 539
-425 486
-385 523
-443 455
-470 530
-483 537
-518 586
-444 576
-402 572
-395 624
-326 667
-270 592
-344 645
-450 757
-443 740
-457 615
-528 650
-472 654
-518 690
-627 726
-684 675
-728 739
